start: 2019-08-09 21:43:44.829928
end: 2019-08-09 21:43:49.670866
total duration: 0 days, 0 hours, 0 minutes and 4 seconds
